256 	 1
256 	 2
256 	 3
256 	 4
256 	 5
256 	 6
256 	 7
256 	 8
256 	 9
256 	 10
256 	 11
256 	 12
256 	 13
256 	 14
256 	 15
256 	 16
256 	 17
256 	 18
256 	 19
256 	 20
256 	 21
256 	 22
256 	 23
256 	 24
256 	 25
256 	 26
256 	 27
256 	 28
256 	 29
256 	 30
256 	 31
256 	 32
256 	 33
256 	 34
256 	 35
256 	 36
256 	 37
256 	 38
256 	 39
256 	 40
256 	 41
256 	 42
256 	 43
256 	 44
256 	 45
256 	 46
256 	 47
256 	 48
256 	 49
256 	 50
256 	 51
256 	 52
256 	 53
256 	 54
256 	 55
256 	 56
256 	 57
256 	 58
256 	 59
256 	 60
256 	 61
256 	 62
256 	 63
256 	 64
256 	 65
256 	 66
256 	 67
256 	 68
256 	 69
256 	 70
256 	 71
256 	 72
256 	 73
256 	 74
256 	 75
256 	 76
256 	 77
256 	 78
256 	 79
256 	 80
256 	 81
256 	 82
256 	 83
256 	 84
256 	 85
256 	 86
256 	 87
256 	 88
256 	 89
256 	 90
256 	 91
256 	 92
256 	 93
256 	 94
256 	 95
256 	 96
256 	 97
256 	 98
256 	 99
256 	 100
256 	 101
256 	 102
256 	 103
256 	 104
256 	 105
256 	 106
256 	 107
256 	 108
256 	 109
256 	 110
256 	 111
256 	 112
256 	 113
256 	 114
256 	 115
256 	 116
256 	 117
256 	 118
256 	 119
256 	 120
256 	 121
256 	 122
256 	 123
256 	 124
256 	 125
256 	 126
256 	 127
256 	 128
256 	 129
256 	 130
256 	 131
256 	 132
256 	 133
256 	 134
256 	 135
256 	 136
256 	 137
256 	 138
256 	 139
256 	 140
256 	 141
256 	 142
256 	 143
256 	 144
256 	 145
256 	 146
256 	 147
256 	 148
256 	 149
256 	 150
256 	 151
256 	 152
256 	 153
256 	 154
256 	 155
256 	 156
256 	 157
256 	 158
256 	 159
256 	 160
256 	 161
256 	 162
256 	 163
256 	 164
256 	 165
256 	 166
256 	 167
256 	 168
256 	 169
256 	 170
256 	 171
256 	 172
256 	 173
256 	 174
256 	 175
256 	 176
256 	 177
256 	 178
256 	 179
256 	 180
256 	 181
256 	 182
256 	 183
256 	 184
256 	 185
256 	 186
256 	 187
256 	 188
256 	 189
256 	 190
256 	 191
256 	 192
256 	 193
256 	 194
256 	 195
256 	 196
256 	 197
256 	 198
256 	 199
256 	 200
256 	 201
256 	 202
256 	 203
256 	 204
256 	 205
256 	 206
256 	 207
256 	 208
256 	 209
256 	 210
256 	 211
256 	 212
256 	 213
256 	 214
256 	 215
256 	 216
256 	 217
256 	 218
256 	 219
256 	 220
256 	 221
256 	 222
256 	 223
256 	 224
256 	 225
256 	 226
256 	 227
256 	 228
256 	 229
256 	 230
256 	 231
256 	 232
256 	 233
256 	 234
256 	 235
256 	 236
256 	 237
256 	 238
256 	 239
256 	 240
256 	 241
256 	 242
256 	 243
256 	 244
256 	 245
256 	 246
256 	 247
256 	 248
256 	 249
256 	 250
256 	 251
256 	 252
256 	 253
256 	 254
256 	 255
256 	 256
256 	 257
256 	 258
256 	 259
256 	 260
256 	 261
256 	 262
256 	 263
256 	 264
256 	 265
256 	 266
256 	 267
256 	 268
256 	 269
256 	 270
256 	 271
256 	 272
256 	 273
256 	 274
256 	 275
256 	 276
256 	 277
256 	 278
256 	 279
256 	 280
256 	 281
256 	 282
256 	 283
256 	 284
256 	 285
256 	 286
256 	 287
256 	 288
256 	 289
256 	 290
256 	 291
256 	 292
256 	 293
256 	 294
256 	 295
256 	 296
256 	 297
256 	 298
256 	 299
256 	 300
256 	 301
256 	 302
256 	 303
256 	 304
256 	 305
256 	 306
256 	 307
256 	 308
256 	 309
256 	 310
256 	 311
256 	 312
256 	 313
256 	 314
256 	 315
256 	 316
256 	 317
256 	 318
256 	 319
256 	 320
256 	 321
256 	 322
256 	 323
256 	 324
256 	 325
256 	 326
256 	 327
256 	 328
256 	 329
256 	 330
256 	 331
256 	 332
256 	 333
256 	 334
256 	 335
256 	 336
256 	 337
256 	 338
256 	 339
256 	 340
256 	 341
256 	 342
256 	 343
256 	 344
256 	 345
256 	 346
256 	 347
256 	 348
256 	 349
256 	 350
256 	 351
256 	 352
256 	 353
256 	 354
256 	 355
256 	 356
256 	 357
256 	 358
256 	 359
256 	 360
256 	 361
256 	 362
256 	 363
256 	 364
256 	 365
256 	 366
256 	 367
256 	 368
256 	 369
256 	 370
256 	 371
256 	 372
256 	 373
256 	 374
256 	 375
256 	 376
256 	 377
256 	 378
256 	 379
256 	 380
256 	 381
256 	 382
256 	 383
256 	 384
256 	 385
256 	 386
256 	 387
256 	 388
256 	 389
256 	 390
256 	 391
256 	 392
256 	 393
256 	 394
256 	 395
256 	 396
256 	 397
256 	 398
256 	 399
256 	 400
256 	 401
256 	 402
256 	 403
256 	 404
256 	 405
256 	 406
256 	 407
256 	 408
256 	 409
256 	 410
256 	 411
256 	 412
256 	 413
256 	 414
256 	 415
256 	 416
256 	 417
256 	 418
256 	 419
256 	 420
256 	 421
256 	 422
256 	 423
256 	 424
256 	 425
256 	 426
256 	 427
256 	 428
256 	 429
256 	 430
256 	 431
256 	 432
256 	 433
256 	 434
256 	 435
256 	 436
256 	 437
256 	 438
256 	 439
256 	 440
256 	 441
256 	 442
256 	 443
256 	 444
256 	 445
256 	 446
256 	 447
256 	 448
256 	 449
256 	 450
256 	 451
256 	 452
256 	 453
256 	 454
256 	 455
256 	 456
256 	 457
256 	 458
256 	 459
256 	 460
256 	 461
256 	 462
256 	 463
256 	 464
256 	 465
256 	 466
256 	 467
256 	 468
256 	 469
256 	 470
256 	 471
256 	 472
256 	 473
256 	 474
256 	 475
256 	 476
256 	 477
256 	 478
256 	 479
256 	 480
256 	 481
256 	 482
256 	 483
256 	 484
256 	 485
256 	 486
256 	 487
256 	 488
256 	 489
256 	 490
256 	 491
256 	 492
256 	 493
256 	 494
256 	 495
256 	 496
256 	 497
256 	 498
256 	 499
256 	 500
256 	 501
256 	 502
256 	 503
256 	 504
256 	 505
256 	 506
256 	 507
256 	 508
256 	 509
256 	 510
256 	 511
256 	 512
256 	 513
256 	 514
256 	 515
256 	 516
256 	 517
256 	 518
256 	 519
256 	 520
256 	 521
256 	 522
256 	 523
256 	 524
256 	 525
256 	 526
256 	 527
256 	 528
256 	 529
256 	 530
256 	 531
256 	 532
256 	 533
256 	 534
256 	 535
256 	 536
256 	 537
256 	 538
256 	 539
256 	 540
256 	 541
256 	 542
256 	 543
256 	 544
256 	 545
256 	 546
256 	 547
256 	 548
256 	 549
256 	 550
256 	 551
256 	 552
256 	 553
256 	 554
256 	 555
256 	 556
256 	 557
256 	 558
256 	 559
256 	 560
256 	 561
256 	 562
256 	 563
256 	 564
256 	 565
256 	 566
256 	 567
256 	 568
256 	 569
256 	 570
256 	 571
256 	 572
256 	 573
256 	 574
256 	 575
256 	 576
256 	 577
256 	 578
256 	 579
256 	 580
256 	 581
256 	 582
256 	 583
256 	 584
256 	 585
256 	 586
256 	 587
256 	 588
256 	 589
256 	 590
256 	 591
256 	 592
256 	 593
256 	 594
256 	 595
256 	 596
256 	 597
256 	 598
256 	 599
256 	 600
256 	 601
256 	 602
256 	 603
256 	 604
256 	 605
256 	 606
256 	 607
256 	 608
256 	 609
256 	 610
256 	 611
256 	 612
256 	 613
256 	 614
256 	 615
256 	 616
256 	 617
256 	 618
256 	 619
256 	 620
256 	 621
256 	 622
256 	 623
256 	 624
256 	 625
256 	 626
256 	 627
256 	 628
256 	 629
256 	 630
256 	 631
256 	 632
256 	 633
256 	 634
256 	 635
256 	 636
256 	 637
256 	 638
256 	 639
256 	 640
256 	 641
256 	 642
256 	 643
256 	 644
256 	 645
256 	 646
256 	 647
256 	 648
256 	 649
256 	 650
256 	 651
256 	 652
256 	 653
256 	 654
256 	 655
256 	 656
256 	 657
256 	 658
256 	 659
256 	 660
256 	 661
256 	 662
256 	 663
256 	 664
256 	 665
256 	 666
256 	 667
256 	 668
256 	 669
256 	 670
256 	 671
256 	 672
256 	 673
256 	 674
256 	 675
256 	 676
256 	 677
256 	 678
256 	 679
256 	 680
256 	 681
256 	 682
256 	 683
256 	 684
256 	 685
256 	 686
256 	 687
256 	 688
256 	 689
256 	 690
256 	 691
256 	 692
256 	 693
256 	 694
256 	 695
256 	 696
256 	 697
256 	 698
256 	 699
256 	 700
256 	 701
256 	 702
256 	 703
256 	 704
256 	 705
256 	 706
256 	 707
256 	 708
256 	 709
256 	 710
256 	 711
256 	 712
256 	 713
256 	 714
256 	 715
256 	 716
256 	 717
256 	 718
256 	 719
256 	 720
256 	 721
256 	 722
256 	 723
256 	 724
256 	 725
256 	 726
256 	 727
256 	 728
256 	 729
256 	 730
256 	 731
256 	 732
256 	 733
256 	 734
256 	 735
256 	 736
256 	 737
256 	 738
256 	 739
256 	 740
256 	 741
256 	 742
256 	 743
256 	 744
256 	 745
256 	 746
256 	 747
256 	 748
256 	 749
256 	 750
256 	 751
256 	 752
256 	 753
256 	 754
256 	 755
256 	 756
256 	 757
256 	 758
256 	 759
256 	 760
256 	 761
256 	 762
256 	 763
256 	 764
256 	 765
256 	 766
256 	 767
256 	 768
256 	 769
256 	 770
256 	 771
256 	 772
256 	 773
256 	 774
256 	 775
256 	 776
256 	 777
256 	 778
256 	 779
256 	 780
256 	 781
256 	 782
256 	 783
256 	 784
256 	 785
256 	 786
256 	 787
256 	 788
256 	 789
256 	 790
256 	 791
256 	 792
256 	 793
256 	 794
256 	 795
256 	 796
256 	 797
256 	 798
256 	 799
256 	 800
256 	 801
256 	 802
256 	 803
256 	 804
256 	 805
256 	 806
256 	 807
256 	 808
256 	 809
256 	 810
256 	 811
256 	 812
256 	 813
256 	 814
256 	 815
256 	 816
256 	 817
256 	 818
256 	 819
256 	 820
256 	 821
256 	 822
256 	 823
256 	 824
256 	 825
256 	 826
256 	 827
256 	 828
256 	 829
256 	 830
256 	 831
256 	 832
256 	 833
256 	 834
256 	 835
256 	 836
256 	 837
256 	 838
256 	 839
256 	 840
256 	 841
256 	 842
256 	 843
256 	 844
256 	 845
256 	 846
256 	 847
256 	 848
256 	 849
256 	 850
256 	 851
256 	 852
256 	 853
256 	 854
256 	 855
256 	 856
256 	 857
256 	 858
256 	 859
256 	 860
256 	 861
256 	 862
256 	 863
256 	 864
256 	 865
256 	 866
256 	 867
256 	 868
256 	 869
256 	 870
256 	 871
256 	 872
256 	 873
256 	 874
256 	 875
256 	 876
256 	 877
256 	 878
256 	 879
256 	 880
256 	 881
256 	 882
256 	 883
256 	 884
256 	 885
256 	 886
256 	 887
256 	 888
256 	 889
256 	 890
256 	 891
256 	 892
256 	 893
256 	 894
256 	 895
256 	 896
256 	 897
256 	 898
256 	 899
256 	 900
256 	 901
256 	 902
256 	 903
256 	 904
256 	 905
256 	 906
256 	 907
256 	 908
256 	 909
256 	 910
256 	 911
256 	 912
256 	 913
256 	 914
256 	 915
256 	 916
256 	 917
256 	 918
256 	 919
256 	 920
256 	 921
256 	 922
256 	 923
256 	 924
256 	 925
256 	 926
256 	 927
256 	 928
256 	 929
256 	 930
256 	 931
256 	 932
256 	 933
256 	 934
256 	 935
256 	 936
256 	 937
256 	 938
256 	 939
256 	 940
256 	 941
256 	 942
256 	 943
256 	 944
256 	 945
256 	 946
256 	 947
256 	 948
256 	 949
256 	 950
256 	 951
256 	 952
256 	 953
256 	 954
256 	 955
256 	 956
256 	 957
256 	 958
256 	 959
256 	 960
256 	 961
256 	 962
256 	 963
256 	 964
256 	 965
256 	 966
256 	 967
256 	 968
256 	 969
256 	 970
256 	 971
256 	 972
256 	 973
256 	 974
256 	 975
256 	 976
256 	 977
256 	 978
256 	 979
256 	 980
256 	 981
256 	 982
256 	 983
256 	 984
256 	 985
256 	 986
256 	 987
256 	 988
256 	 989
256 	 990
256 	 991
256 	 992
256 	 993
256 	 994
256 	 995
256 	 996
256 	 997
256 	 998
256 	 999
256 	 1000
256 	 1001
256 	 1002
256 	 1003
256 	 1004
256 	 1005
256 	 1006
256 	 1007
256 	 1008
256 	 1009
256 	 1010
256 	 1011
256 	 1012
256 	 1013
256 	 1014
256 	 1015
256 	 1016
256 	 1017
256 	 1018
256 	 1019
256 	 1020
256 	 1021
256 	 1022
256 	 1023
256 	 1024
256 	 1025
256 	 1026
256 	 1027
256 	 1028
256 	 1029
256 	 1030
256 	 1031
256 	 1032
256 	 1033
256 	 1034
256 	 1035
256 	 1036
256 	 1037
256 	 1038
256 	 1039
256 	 1040
256 	 1041
256 	 1042
256 	 1043
256 	 1044
256 	 1045
256 	 1046
256 	 1047
256 	 1048
256 	 1049
256 	 1050
256 	 1051
256 	 1052
256 	 1053
256 	 1054
256 	 1055
256 	 1056
256 	 1057
256 	 1058
256 	 1059
256 	 1060
256 	 1061
256 	 1062
256 	 1063
256 	 1064
256 	 1065
256 	 1066
256 	 1067
256 	 1068
256 	 1069
256 	 1070
256 	 1071
256 	 1072
256 	 1073
256 	 1074
256 	 1075
256 	 1076
256 	 1077
256 	 1078
256 	 1079
256 	 1080
256 	 1081
256 	 1082
256 	 1083
256 	 1084
256 	 1085
256 	 1086
256 	 1087
256 	 1088
256 	 1089
256 	 1090
256 	 1091
256 	 1092
256 	 1093
256 	 1094
256 	 1095
256 	 1096
256 	 1097
256 	 1098
256 	 1099
256 	 1100
256 	 1101
256 	 1102
256 	 1103
256 	 1104
256 	 1105
256 	 1106
256 	 1107
256 	 1108
256 	 1109
256 	 1110
256 	 1111
256 	 1112
256 	 1113
256 	 1114
256 	 1115
256 	 1116
256 	 1117
256 	 1118
256 	 1119
256 	 1120
256 	 1121
256 	 1122
256 	 1123
256 	 1124
256 	 1125
256 	 1126
256 	 1127
256 	 1128
256 	 1129
256 	 1130
256 	 1131
256 	 1132
256 	 1133
256 	 1134
256 	 1135
256 	 1136
256 	 1137
256 	 1138
256 	 1139
256 	 1140
256 	 1141
256 	 1142
256 	 1143
256 	 1144
256 	 1145
256 	 1146
256 	 1147
256 	 1148
256 	 1149
256 	 1150
256 	 1151
256 	 1152
256 	 1153
256 	 1154
256 	 1155
256 	 1156
256 	 1157
256 	 1158
256 	 1159
256 	 1160
256 	 1161
256 	 1162
256 	 1163
256 	 1164
256 	 1165
256 	 1166
256 	 1167
256 	 1168
256 	 1169
256 	 1170
256 	 1171
256 	 1172
256 	 1173
256 	 1174
256 	 1175
256 	 1176
256 	 1177
256 	 1178
256 	 1179
256 	 1180
256 	 1181
256 	 1182
256 	 1183
256 	 1184
256 	 1185
256 	 1186
256 	 1187
256 	 1188
256 	 1189
256 	 1190
256 	 1191
256 	 1192
256 	 1193
256 	 1194
256 	 1195
256 	 1196
256 	 1197
256 	 1198
256 	 1199
256 	 1200
256 	 1201
256 	 1202
256 	 1203
256 	 1204
256 	 1205
256 	 1206
256 	 1207
256 	 1208
256 	 1209
256 	 1210
256 	 1211
256 	 1212
256 	 1213
256 	 1214
256 	 1215
256 	 1216
256 	 1217
256 	 1218
256 	 1219
256 	 1220
256 	 1221
256 	 1222
256 	 1223
256 	 1224
256 	 1225
256 	 1226
256 	 1227
256 	 1228
256 	 1229
256 	 1230
256 	 1231
256 	 1232
256 	 1233
256 	 1234
256 	 1235
256 	 1236
256 	 1237
256 	 1238
256 	 1239
256 	 1240
256 	 1241
256 	 1242
256 	 1243
256 	 1244
256 	 1245
256 	 1246
256 	 1247
256 	 1248
256 	 1249
256 	 1250
256 	 1251
256 	 1252
256 	 1253
256 	 1254
256 	 1255
256 	 1256
256 	 1257
256 	 1258
256 	 1259
256 	 1260
256 	 1261
256 	 1262
256 	 1263
256 	 1264
256 	 1265
256 	 1266
256 	 1267
256 	 1268
256 	 1269
256 	 1270
256 	 1271
256 	 1272
256 	 1273
256 	 1274
256 	 1275
256 	 1276
256 	 1277
256 	 1278
256 	 1279
256 	 1280
256 	 1281
256 	 1282
256 	 1283
256 	 1284
256 	 1285
256 	 1286
256 	 1287
256 	 1288
256 	 1289
256 	 1290
256 	 1291
256 	 1292
256 	 1293
256 	 1294
256 	 1295
256 	 1296
256 	 1297
256 	 1298
256 	 1299
256 	 1300
256 	 1301
256 	 1302
256 	 1303
256 	 1304
256 	 1305
256 	 1306
256 	 1307
256 	 1308
256 	 1309
256 	 1310
256 	 1311
256 	 1312
256 	 1313
256 	 1314
256 	 1315
256 	 1316
256 	 1317
256 	 1318
256 	 1319
256 	 1320
256 	 1321
256 	 1322
256 	 1323
256 	 1324
256 	 1325
256 	 1326
256 	 1327
256 	 1328
256 	 1329
256 	 1330
256 	 1331
256 	 1332
256 	 1333
256 	 1334
256 	 1335
256 	 1336
256 	 1337
256 	 1338
256 	 1339
256 	 1340
256 	 1341
256 	 1342
256 	 1343
256 	 1344
256 	 1345
256 	 1346
256 	 1347
256 	 1348
256 	 1349
256 	 1350
256 	 1351
256 	 1352
256 	 1353
256 	 1354
256 	 1355
256 	 1356
256 	 1357
256 	 1358
256 	 1359
256 	 1360
256 	 1361
256 	 1362
256 	 1363
256 	 1364
256 	 1365
256 	 1366
256 	 1367
256 	 1368
256 	 1369
256 	 1370
256 	 1371
256 	 1372
256 	 1373
256 	 1374
256 	 1375
256 	 1376
256 	 1377
256 	 1378
256 	 1379
256 	 1380
256 	 1381
256 	 1382
256 	 1383
256 	 1384
256 	 1385
256 	 1386
256 	 1387
256 	 1388
256 	 1389
256 	 1390
256 	 1391
256 	 1392
256 	 1393
256 	 1394
256 	 1395
256 	 1396
256 	 1397
256 	 1398
256 	 1399
256 	 1400
256 	 1401
256 	 1402
256 	 1403
256 	 1404
256 	 1405
256 	 1406
256 	 1407
256 	 1408
256 	 1409
256 	 1410
256 	 1411
256 	 1412
256 	 1413
256 	 1414
256 	 1415
256 	 1416
256 	 1417
256 	 1418
256 	 1419
256 	 1420
256 	 1421
256 	 1422
256 	 1423
256 	 1424
256 	 1425
256 	 1426
256 	 1427
256 	 1428
256 	 1429
256 	 1430
256 	 1431
256 	 1432
256 	 1433
256 	 1434
256 	 1435
256 	 1436
256 	 1437
256 	 1438
256 	 1439
256 	 1440
256 	 1441
256 	 1442
256 	 1443
256 	 1444
256 	 1445
256 	 1446
256 	 1447
256 	 1448
256 	 1449
256 	 1450
256 	 1451
256 	 1452
256 	 1453
256 	 1454
256 	 1455
256 	 1456
256 	 1457
256 	 1458
256 	 1459
256 	 1460
256 	 1461
256 	 1462
256 	 1463
256 	 1464
256 	 1465
256 	 1466
256 	 1467
256 	 1468
256 	 1469
256 	 1470
256 	 1471
256 	 1472
256 	 1473
256 	 1474
256 	 1475
256 	 1476
256 	 1477
256 	 1478
256 	 1479
256 	 1480
256 	 1481
256 	 1482
256 	 1483
256 	 1484
256 	 1485
256 	 1486
256 	 1487
256 	 1488
256 	 1489
256 	 1490
256 	 1491
256 	 1492
256 	 1493
256 	 1494
256 	 1495
256 	 1496
256 	 1497
256 	 1498
256 	 1499
256 	 1500
256 	 1501
256 	 1502
256 	 1503
256 	 1504
256 	 1505
256 	 1506
256 	 1507
256 	 1508
256 	 1509
256 	 1510
256 	 1511
256 	 1512
256 	 1513
256 	 1514
256 	 1515
256 	 1516
256 	 1517
256 	 1518
256 	 1519
256 	 1520
256 	 1521
256 	 1522
256 	 1523
256 	 1524
256 	 1525
256 	 1526
256 	 1527
256 	 1528
256 	 1529
256 	 1530
256 	 1531
256 	 1532
256 	 1533
256 	 1534
256 	 1535
256 	 1536
256 	 1537
256 	 1538
256 	 1539
256 	 1540
256 	 1541
256 	 1542
256 	 1543
256 	 1544
256 	 1545
256 	 1546
256 	 1547
256 	 1548
256 	 1549
256 	 1550
256 	 1551
256 	 1552
256 	 1553
256 	 1554
256 	 1555
256 	 1556
256 	 1557
256 	 1558
256 	 1559
256 	 1560
256 	 1561
256 	 1562
256 	 1563
256 	 1564
256 	 1565
256 	 1566
256 	 1567
256 	 1568
256 	 1569
256 	 1570
256 	 1571
256 	 1572
256 	 1573
256 	 1574
256 	 1575
256 	 1576
256 	 1577
256 	 1578
256 	 1579
256 	 1580
256 	 1581
256 	 1582
256 	 1583
256 	 1584
256 	 1585
256 	 1586
256 	 1587
256 	 1588
256 	 1589
256 	 1590
256 	 1591
256 	 1592
256 	 1593
256 	 1594
256 	 1595
256 	 1596
256 	 1597
256 	 1598
256 	 1599
256 	 1600
256 	 1601
256 	 1602
256 	 1603
256 	 1604
256 	 1605
256 	 1606
256 	 1607
256 	 1608
256 	 1609
256 	 1610
256 	 1611
256 	 1612
256 	 1613
256 	 1614
256 	 1615
256 	 1616
256 	 1617
256 	 1618
256 	 1619
256 	 1620
256 	 1621
256 	 1622
256 	 1623
256 	 1624
256 	 1625
256 	 1626
256 	 1627
256 	 1628
256 	 1629
256 	 1630
256 	 1631
256 	 1632
256 	 1633
256 	 1634
256 	 1635
256 	 1636
256 	 1637
256 	 1638
256 	 1639
256 	 1640
256 	 1641
256 	 1642
256 	 1643
256 	 1644
256 	 1645
256 	 1646
256 	 1647
256 	 1648
256 	 1649
256 	 1650
256 	 1651
256 	 1652
256 	 1653
256 	 1654
256 	 1655
256 	 1656
256 	 1657
256 	 1658
256 	 1659
256 	 1660
256 	 1661
256 	 1662
256 	 1663
256 	 1664
256 	 1665
256 	 1666
256 	 1667
256 	 1668
256 	 1669
256 	 1670
256 	 1671
256 	 1672
256 	 1673
256 	 1674
256 	 1675
256 	 1676
256 	 1677
256 	 1678
256 	 1679
256 	 1680
256 	 1681
256 	 1682
256 	 1683
256 	 1684
256 	 1685
256 	 1686
256 	 1687
256 	 1688
256 	 1689
256 	 1690
256 	 1691
256 	 1692
256 	 1693
256 	 1694
256 	 1695
256 	 1696
256 	 1697
256 	 1698
256 	 1699
256 	 1700
256 	 1701
256 	 1702
256 	 1703
256 	 1704
256 	 1705
256 	 1706
256 	 1707
256 	 1708
256 	 1709
256 	 1710
256 	 1711
256 	 1712
256 	 1713
256 	 1714
256 	 1715
256 	 1716
256 	 1717
256 	 1718
256 	 1719
256 	 1720
256 	 1721
256 	 1722
256 	 1723
256 	 1724
256 	 1725
256 	 1726
256 	 1727
256 	 1728
256 	 1729
256 	 1730
256 	 1731
256 	 1732
256 	 1733
256 	 1734
256 	 1735
256 	 1736
256 	 1737
256 	 1738
256 	 1739
256 	 1740
256 	 1741
256 	 1742
256 	 1743
256 	 1744
256 	 1745
256 	 1746
256 	 1747
256 	 1748
256 	 1749
256 	 1750
256 	 1751
256 	 1752
256 	 1753
256 	 1754
256 	 1755
256 	 1756
256 	 1757
256 	 1758
256 	 1759
256 	 1760
256 	 1761
256 	 1762
256 	 1763
256 	 1764
256 	 1765
256 	 1766
256 	 1767
256 	 1768
256 	 1769
256 	 1770
256 	 1771
256 	 1772
256 	 1773
256 	 1774
256 	 1775
256 	 1776
256 	 1777
256 	 1778
256 	 1779
256 	 1780
256 	 1781
256 	 1782
256 	 1783
256 	 1784
256 	 1785
256 	 1786
256 	 1787
256 	 1788
256 	 1789
256 	 1790
256 	 1791
256 	 1792
256 	 1793
256 	 1794
256 	 1795
256 	 1796
256 	 1797
256 	 1798
256 	 1799
256 	 1800
256 	 1801
256 	 1802
256 	 1803
256 	 1804
256 	 1805
256 	 1806
256 	 1807
256 	 1808
256 	 1809
256 	 1810
256 	 1811
256 	 1812
256 	 1813
256 	 1814
256 	 1815
256 	 1816
256 	 1817
256 	 1818
256 	 1819
256 	 1820
256 	 1821
256 	 1822
256 	 1823
256 	 1824
256 	 1825
256 	 1826
256 	 1827
256 	 1828
256 	 1829
256 	 1830
256 	 1831
256 	 1832
256 	 1833
256 	 1834
256 	 1835
256 	 1836
256 	 1837
256 	 1838
256 	 1839
256 	 1840
256 	 1841
256 	 1842
256 	 1843
256 	 1844
256 	 1845
256 	 1846
256 	 1847
256 	 1848
256 	 1849
256 	 1850
256 	 1851
256 	 1852
256 	 1853
256 	 1854
256 	 1855
256 	 1856
256 	 1857
256 	 1858
256 	 1859
256 	 1860
256 	 1861
256 	 1862
256 	 1863
256 	 1864
256 	 1865
256 	 1866
256 	 1867
256 	 1868
256 	 1869
256 	 1870
256 	 1871
256 	 1872
256 	 1873
256 	 1874
256 	 1875
256 	 1876
256 	 1877
256 	 1878
256 	 1879
256 	 1880
256 	 1881
256 	 1882
256 	 1883
256 	 1884
256 	 1885
256 	 1886
256 	 1887
256 	 1888
256 	 1889
256 	 1890
256 	 1891
256 	 1892
256 	 1893
256 	 1894
256 	 1895
256 	 1896
256 	 1897
256 	 1898
256 	 1899
256 	 1900
256 	 1901
256 	 1902
256 	 1903
256 	 1904
256 	 1905
256 	 1906
256 	 1907
256 	 1908
256 	 1909
256 	 1910
256 	 1911
256 	 1912
256 	 1913
256 	 1914
256 	 1915
256 	 1916
256 	 1917
256 	 1918
256 	 1919
256 	 1920
256 	 1921
256 	 1922
256 	 1923
256 	 1924
256 	 1925
256 	 1926
256 	 1927
256 	 1928
256 	 1929
256 	 1930
256 	 1931
256 	 1932
256 	 1933
256 	 1934
256 	 1935
256 	 1936
256 	 1937
256 	 1938
256 	 1939
256 	 1940
256 	 1941
256 	 1942
256 	 1943
256 	 1944
256 	 1945
256 	 1946
256 	 1947
256 	 1948
256 	 1949
256 	 1950
256 	 1951
256 	 1952
256 	 1953
256 	 1954
256 	 1955
256 	 1956
256 	 1957
256 	 1958
256 	 1959
256 	 1960
256 	 1961
256 	 1962
256 	 1963
256 	 1964
256 	 1965
256 	 1966
256 	 1967
256 	 1968
256 	 1969
256 	 1970
256 	 1971
256 	 1972
256 	 1973
256 	 1974
256 	 1975
256 	 1976
256 	 1977
256 	 1978
256 	 1979
256 	 1980
256 	 1981
256 	 1982
256 	 1983
256 	 1984
256 	 1985
256 	 1986
256 	 1987
256 	 1988
256 	 1989
256 	 1990
256 	 1991
256 	 1992
256 	 1993
256 	 1994
256 	 1995
256 	 1996
256 	 1997
256 	 1998
256 	 1999
256 	 2000
256 	 2001
256 	 2002
256 	 2003
256 	 2004
256 	 2005
256 	 2006
256 	 2007
256 	 2008
256 	 2009
256 	 2010
256 	 2011
256 	 2012
256 	 2013
256 	 2014
256 	 2015
256 	 2016
256 	 2017
256 	 2018
256 	 2019
256 	 2020
256 	 2021
256 	 2022
256 	 2023
256 	 2024
256 	 2025
256 	 2026
256 	 2027
256 	 2028
256 	 2029
256 	 2030
256 	 2031
256 	 2032
256 	 2033
256 	 2034
256 	 2035
256 	 2036
256 	 2037
256 	 2038
256 	 2039
256 	 2040
256 	 2041
256 	 2042
256 	 2043
256 	 2044
256 	 2045
256 	 2046
256 	 2047
256 	 2048
256 	 2049
256 	 2050
256 	 2051
256 	 2052
256 	 2053
256 	 2054
256 	 2055
256 	 2056
256 	 2057
256 	 2058
256 	 2059
256 	 2060
256 	 2061
256 	 2062
256 	 2063
256 	 2064
256 	 2065
256 	 2066
256 	 2067
256 	 2068
256 	 2069
256 	 2070
256 	 2071
256 	 2072
256 	 2073
256 	 2074
256 	 2075
256 	 2076
256 	 2077
256 	 2078
256 	 2079
256 	 2080
256 	 2081
256 	 2082
256 	 2083
256 	 2084
256 	 2085
256 	 2086
256 	 2087
256 	 2088
256 	 2089
256 	 2090
256 	 2091
256 	 2092
256 	 2093
256 	 2094
256 	 2095
256 	 2096
256 	 2097
256 	 2098
256 	 2099
256 	 2100
256 	 2101
256 	 2102
256 	 2103
256 	 2104
256 	 2105
256 	 2106
256 	 2107
256 	 2108
256 	 2109
256 	 2110
256 	 2111
256 	 2112
256 	 2113
256 	 2114
256 	 2115
256 	 2116
256 	 2117
256 	 2118
256 	 2119
256 	 2120
256 	 2121
256 	 2122
256 	 2123
256 	 2124
256 	 2125
256 	 2126
256 	 2127
256 	 2128
256 	 2129
256 	 2130
256 	 2131
256 	 2132
256 	 2133
256 	 2134
256 	 2135
256 	 2136
256 	 2137
256 	 2138
256 	 2139
256 	 2140
256 	 2141
256 	 2142
256 	 2143
256 	 2144
256 	 2145
256 	 2146
256 	 2147
256 	 2148
256 	 2149
256 	 2150
256 	 2151
256 	 2152
256 	 2153
256 	 2154
256 	 2155
256 	 2156
256 	 2157
256 	 2158
256 	 2159
256 	 2160
256 	 2161
256 	 2162
256 	 2163
256 	 2164
256 	 2165
256 	 2166
256 	 2167
256 	 2168
256 	 2169
256 	 2170
256 	 2171
256 	 2172
256 	 2173
256 	 2174
256 	 2175
256 	 2176
256 	 2177
256 	 2178
256 	 2179
256 	 2180
256 	 2181
256 	 2182
256 	 2183
256 	 2184
256 	 2185
256 	 2186
256 	 2187
256 	 2188
256 	 2189
256 	 2190
256 	 2191
256 	 2192
256 	 2193
256 	 2194
256 	 2195
256 	 2196
256 	 2197
256 	 2198
256 	 2199
256 	 2200
256 	 2201
256 	 2202
256 	 2203
256 	 2204
256 	 2205
256 	 2206
256 	 2207
256 	 2208
256 	 2209
256 	 2210
256 	 2211
256 	 2212
256 	 2213
256 	 2214
256 	 2215
256 	 2216
256 	 2217
256 	 2218
256 	 2219
256 	 2220
256 	 2221
256 	 2222
256 	 2223
256 	 2224
256 	 2225
256 	 2226
256 	 2227
256 	 2228
256 	 2229
256 	 2230
256 	 2231
256 	 2232
256 	 2233
256 	 2234
256 	 2235
256 	 2236
256 	 2237
256 	 2238
256 	 2239
256 	 2240
256 	 2241
256 	 2242
256 	 2243
256 	 2244
256 	 2245
256 	 2246
256 	 2247
256 	 2248
256 	 2249
256 	 2250
256 	 2251
256 	 2252
256 	 2253
256 	 2254
256 	 2255
256 	 2256
256 	 2257
256 	 2258
256 	 2259
256 	 2260
256 	 2261
256 	 2262
256 	 2263
256 	 2264
256 	 2265
256 	 2266
256 	 2267
256 	 2268
256 	 2269
256 	 2270
256 	 2271
256 	 2272
256 	 2273
256 	 2274
256 	 2275
256 	 2276
256 	 2277
256 	 2278
256 	 2279
256 	 2280
256 	 2281
256 	 2282
256 	 2283
256 	 2284
256 	 2285
256 	 2286
256 	 2287
256 	 2288
256 	 2289
256 	 2290
256 	 2291
256 	 2292
256 	 2293
256 	 2294
256 	 2295
256 	 2296
256 	 2297
256 	 2298
256 	 2299
256 	 2300
256 	 2301
256 	 2302
256 	 2303
256 	 2304
256 	 2305
256 	 2306
256 	 2307
256 	 2308
256 	 2309
256 	 2310
256 	 2311
256 	 2312
256 	 2313
256 	 2314
256 	 2315
256 	 2316
256 	 2317
256 	 2318
256 	 2319
256 	 2320
256 	 2321
256 	 2322
256 	 2323
256 	 2324
256 	 2325
256 	 2326
256 	 2327
256 	 2328
256 	 2329
256 	 2330
256 	 2331
256 	 2332
256 	 2333
256 	 2334
256 	 2335
256 	 2336
256 	 2337
256 	 2338
256 	 2339
256 	 2340
256 	 2341
256 	 2342
256 	 2343
256 	 2344
256 	 2345
256 	 2346
256 	 2347
256 	 2348
256 	 2349
256 	 2350
256 	 2351
256 	 2352
256 	 2353
256 	 2354
256 	 2355
256 	 2356
256 	 2357
256 	 2358
256 	 2359
256 	 2360
256 	 2361
256 	 2362
256 	 2363
256 	 2364
256 	 2365
256 	 2366
256 	 2367
256 	 2368
256 	 2369
256 	 2370
256 	 2371
256 	 2372
256 	 2373
256 	 2374
256 	 2375
256 	 2376
256 	 2377
256 	 2378
256 	 2379
256 	 2380
256 	 2381
256 	 2382
256 	 2383
256 	 2384
256 	 2385
256 	 2386
256 	 2387
256 	 2388
256 	 2389
256 	 2390
256 	 2391
256 	 2392
256 	 2393
256 	 2394
256 	 2395
256 	 2396
256 	 2397
256 	 2398
256 	 2399
256 	 2400
256 	 2401
256 	 2402
256 	 2403
256 	 2404
256 	 2405
256 	 2406
256 	 2407
256 	 2408
256 	 2409
256 	 2410
256 	 2411
256 	 2412
256 	 2413
256 	 2414
256 	 2415
256 	 2416
256 	 2417
256 	 2418
256 	 2419
256 	 2420
256 	 2421
256 	 2422
256 	 2423
256 	 2424
256 	 2425
256 	 2426
256 	 2427
256 	 2428
256 	 2429
256 	 2430
256 	 2431
256 	 2432
256 	 2433
256 	 2434
256 	 2435
256 	 2436
256 	 2437
256 	 2438
256 	 2439
256 	 2440
256 	 2441
256 	 2442
256 	 2443
256 	 2444
256 	 2445
256 	 2446
256 	 2447
256 	 2448
256 	 2449
256 	 2450
256 	 2451
256 	 2452
256 	 2453
256 	 2454
256 	 2455
256 	 2456
256 	 2457
256 	 2458
256 	 2459
256 	 2460
256 	 2461
256 	 2462
256 	 2463
256 	 2464
256 	 2465
256 	 2466
256 	 2467
256 	 2468
256 	 2469
256 	 2470
256 	 2471
256 	 2472
256 	 2473
256 	 2474
256 	 2475
256 	 2476
256 	 2477
256 	 2478
256 	 2479
256 	 2480
256 	 2481
256 	 2482
256 	 2483
256 	 2484
256 	 2485
256 	 2486
256 	 2487
256 	 2488
256 	 2489
256 	 2490
256 	 2491
256 	 2492
256 	 2493
256 	 2494
256 	 2495
256 	 2496
256 	 2497
256 	 2498
256 	 2499
256 	 2500
256 	 2501
256 	 2502
256 	 2503
256 	 2504
256 	 2505
256 	 2506
256 	 2507
256 	 2508
256 	 2509
256 	 2510
256 	 2511
256 	 2512
256 	 2513
256 	 2514
256 	 2515
256 	 2516
256 	 2517
256 	 2518
256 	 2519
256 	 2520
256 	 2521
256 	 2522
256 	 2523
256 	 2524
256 	 2525
256 	 2526
256 	 2527
256 	 2528
256 	 2529
256 	 2530
256 	 2531
256 	 2532
256 	 2533
256 	 2534
256 	 2535
256 	 2536
256 	 2537
256 	 2538
256 	 2539
256 	 2540
256 	 2541
256 	 2542
256 	 2543
256 	 2544
256 	 2545
256 	 2546
256 	 2547
256 	 2548
256 	 2549
256 	 2550
256 	 2551
256 	 2552
256 	 2553
256 	 2554
256 	 2555
256 	 2556
256 	 2557
256 	 2558
256 	 2559
256 	 2560
256 	 2561
256 	 2562
256 	 2563
256 	 2564
256 	 2565
256 	 2566
256 	 2567
256 	 2568
256 	 2569
256 	 2570
256 	 2571
256 	 2572
256 	 2573
256 	 2574
256 	 2575
256 	 2576
256 	 2577
256 	 2578
256 	 2579
256 	 2580
256 	 2581
256 	 2582
256 	 2583
256 	 2584
256 	 2585
256 	 2586
256 	 2587
256 	 2588
256 	 2589
256 	 2590
256 	 2591
256 	 2592
256 	 2593
256 	 2594
256 	 2595
256 	 2596
256 	 2597
256 	 2598
256 	 2599
256 	 2600
256 	 2601
256 	 2602
256 	 2603
256 	 2604
256 	 2605
256 	 2606
256 	 2607
256 	 2608
256 	 2609
256 	 2610
256 	 2611
256 	 2612
256 	 2613
256 	 2614
256 	 2615
256 	 2616
256 	 2617
256 	 2618
256 	 2619
256 	 2620
256 	 2621
256 	 2622
256 	 2623
256 	 2624
256 	 2625
256 	 2626
256 	 2627
256 	 2628
256 	 2629
256 	 2630
256 	 2631
256 	 2632
256 	 2633
256 	 2634
256 	 2635
256 	 2636
256 	 2637
256 	 2638
256 	 2639
256 	 2640
256 	 2641
256 	 2642
256 	 2643
256 	 2644
256 	 2645
256 	 2646
256 	 2647
256 	 2648
256 	 2649
256 	 2650
256 	 2651
256 	 2652
256 	 2653
256 	 2654
256 	 2655
256 	 2656
256 	 2657
256 	 2658
256 	 2659
256 	 2660
256 	 2661
256 	 2662
256 	 2663
256 	 2664
256 	 2665
256 	 2666
256 	 2667
256 	 2668
256 	 2669
256 	 2670
256 	 2671
256 	 2672
256 	 2673
256 	 2674
256 	 2675
256 	 2676
256 	 2677
256 	 2678
256 	 2679
256 	 2680
256 	 2681
256 	 2682
256 	 2683
256 	 2684
256 	 2685
256 	 2686
256 	 2687
256 	 2688
256 	 2689
256 	 2690
256 	 2691
256 	 2692
256 	 2693
256 	 2694
256 	 2695
256 	 2696
256 	 2697
256 	 2698
256 	 2699
256 	 2700
256 	 2701
256 	 2702
256 	 2703
256 	 2704
256 	 2705
256 	 2706
256 	 2707
256 	 2708
256 	 2709
256 	 2710
256 	 2711
256 	 2712
256 	 2713
256 	 2714
256 	 2715
256 	 2716
256 	 2717
256 	 2718
256 	 2719
256 	 2720
256 	 2721
256 	 2722
256 	 2723
256 	 2724
256 	 2725
256 	 2726
256 	 2727
256 	 2728
256 	 2729
256 	 2730
256 	 2731
256 	 2732
256 	 2733
256 	 2734
256 	 2735
256 	 2736
256 	 2737
256 	 2738
256 	 2739
256 	 2740
256 	 2741
256 	 2742
256 	 2743
256 	 2744
256 	 2745
256 	 2746
256 	 2747
256 	 2748
256 	 2749
256 	 2750
256 	 2751
256 	 2752
256 	 2753
256 	 2754
256 	 2755
256 	 2756
256 	 2757
256 	 2758
256 	 2759
256 	 2760
256 	 2761
256 	 2762
256 	 2763
256 	 2764
256 	 2765
256 	 2766
256 	 2767
256 	 2768
256 	 2769
256 	 2770
256 	 2771
256 	 2772
256 	 2773
256 	 2774
256 	 2775
256 	 2776
256 	 2777
256 	 2778
256 	 2779
256 	 2780
256 	 2781
256 	 2782
256 	 2783
256 	 2784
256 	 2785
256 	 2786
256 	 2787
256 	 2788
256 	 2789
256 	 2790
256 	 2791
256 	 2792
256 	 2793
256 	 2794
256 	 2795
256 	 2796
256 	 2797
256 	 2798
256 	 2799
256 	 2800
256 	 2801
256 	 2802
256 	 2803
256 	 2804
256 	 2805
256 	 2806
256 	 2807
256 	 2808
256 	 2809
256 	 2810
256 	 2811
256 	 2812
256 	 2813
256 	 2814
256 	 2815
256 	 2816
256 	 2817
256 	 2818
256 	 2819
256 	 2820
256 	 2821
256 	 2822
256 	 2823
256 	 2824
256 	 2825
256 	 2826
256 	 2827
256 	 2828
256 	 2829
256 	 2830
256 	 2831
256 	 2832
256 	 2833
256 	 2834
256 	 2835
256 	 2836
256 	 2837
256 	 2838
256 	 2839
256 	 2840
256 	 2841
256 	 2842
256 	 2843
256 	 2844
256 	 2845
256 	 2846
256 	 2847
256 	 2848
256 	 2849
256 	 2850
256 	 2851
256 	 2852
256 	 2853
256 	 2854
256 	 2855
256 	 2856
256 	 2857
256 	 2858
256 	 2859
256 	 2860
256 	 2861
256 	 2862
256 	 2863
256 	 2864
256 	 2865
256 	 2866
256 	 2867
256 	 2868
256 	 2869
256 	 2870
256 	 2871
256 	 2872
256 	 2873
256 	 2874
256 	 2875
256 	 2876
256 	 2877
256 	 2878
256 	 2879
256 	 2880
256 	 2881
256 	 2882
256 	 2883
256 	 2884
256 	 2885
256 	 2886
256 	 2887
256 	 2888
256 	 2889
256 	 2890
256 	 2891
256 	 2892
256 	 2893
256 	 2894
256 	 2895
256 	 2896
256 	 2897
256 	 2898
256 	 2899
256 	 2900
256 	 2901
256 	 2902
256 	 2903
256 	 2904
256 	 2905
256 	 2906
256 	 2907
256 	 2908
256 	 2909
256 	 2910
256 	 2911
256 	 2912
256 	 2913
256 	 2914
256 	 2915
256 	 2916
256 	 2917
256 	 2918
256 	 2919
256 	 2920
256 	 2921
256 	 2922
256 	 2923
256 	 2924
256 	 2925
256 	 2926
256 	 2927
256 	 2928
256 	 2929
256 	 2930
256 	 2931
256 	 2932
256 	 2933
256 	 2934
256 	 2935
256 	 2936
256 	 2937
256 	 2938
256 	 2939
256 	 2940
256 	 2941
256 	 2942
256 	 2943
256 	 2944
256 	 2945
256 	 2946
256 	 2947
256 	 2948
256 	 2949
256 	 2950
256 	 2951
256 	 2952
256 	 2953
256 	 2954
256 	 2955
256 	 2956
256 	 2957
256 	 2958
256 	 2959
256 	 2960
256 	 2961
256 	 2962
256 	 2963
256 	 2964
256 	 2965
256 	 2966
256 	 2967
256 	 2968
256 	 2969
256 	 2970
256 	 2971
256 	 2972
256 	 2973
256 	 2974
256 	 2975
256 	 2976
256 	 2977
256 	 2978
256 	 2979
256 	 2980
256 	 2981
256 	 2982
256 	 2983
256 	 2984
256 	 2985
256 	 2986
256 	 2987
256 	 2988
256 	 2989
256 	 2990
256 	 2991
256 	 2992
256 	 2993
256 	 2994
256 	 2995
256 	 2996
256 	 2997
256 	 2998
256 	 2999
256 	 3000
256 	 3001
256 	 3002
256 	 3003
256 	 3004
256 	 3005
256 	 3006
256 	 3007
256 	 3008
256 	 3009
256 	 3010
256 	 3011
256 	 3012
256 	 3013
256 	 3014
256 	 3015
256 	 3016
256 	 3017
256 	 3018
256 	 3019
256 	 3020
256 	 3021
256 	 3022
256 	 3023
256 	 3024
256 	 3025
256 	 3026
256 	 3027
256 	 3028
256 	 3029
256 	 3030
256 	 3031
256 	 3032
256 	 3033
256 	 3034
256 	 3035
256 	 3036
256 	 3037
256 	 3038
256 	 3039
256 	 3040
256 	 3041
256 	 3042
256 	 3043
256 	 3044
256 	 3045
256 	 3046
256 	 3047
256 	 3048
256 	 3049
256 	 3050
256 	 3051
256 	 3052
256 	 3053
256 	 3054
256 	 3055
256 	 3056
256 	 3057
256 	 3058
256 	 3059
256 	 3060
256 	 3061
256 	 3062
256 	 3063
256 	 3064
256 	 3065
256 	 3066
256 	 3067
256 	 3068
256 	 3069
256 	 3070
256 	 3071
256 	 3072
256 	 3073
256 	 3074
256 	 3075
256 	 3076
256 	 3077
256 	 3078
256 	 3079
256 	 3080
256 	 3081
256 	 3082
256 	 3083
256 	 3084
256 	 3085
256 	 3086
256 	 3087
256 	 3088
256 	 3089
256 	 3090
256 	 3091
256 	 3092
256 	 3093
256 	 3094
256 	 3095
256 	 3096
256 	 3097
256 	 3098
256 	 3099
256 	 3100
256 	 3101
256 	 3102
256 	 3103
256 	 3104
256 	 3105
256 	 3106
256 	 3107
256 	 3108
256 	 3109
256 	 3110
256 	 3111
256 	 3112
256 	 3113
256 	 3114
256 	 3115
256 	 3116
256 	 3117
256 	 3118
256 	 3119
256 	 3120
256 	 3121
256 	 3122
256 	 3123
256 	 3124
256 	 3125
256 	 3126
256 	 3127
256 	 3128
256 	 3129
256 	 3130
256 	 3131
256 	 3132
256 	 3133
256 	 3134
256 	 3135
256 	 3136
256 	 3137
256 	 3138
256 	 3139
256 	 3140
256 	 3141
256 	 3142
256 	 3143
256 	 3144
256 	 3145
256 	 3146
256 	 3147
256 	 3148
256 	 3149
256 	 3150
256 	 3151
256 	 3152
256 	 3153
256 	 3154
256 	 3155
256 	 3156
256 	 3157
256 	 3158
256 	 3159
256 	 3160
256 	 3161
256 	 3162
256 	 3163
256 	 3164
256 	 3165
256 	 3166
256 	 3167
256 	 3168
256 	 3169
256 	 3170
256 	 3171
256 	 3172
256 	 3173
256 	 3174
256 	 3175
256 	 3176
256 	 3177
256 	 3178
256 	 3179
256 	 3180
256 	 3181
256 	 3182
256 	 3183
256 	 3184
256 	 3185
256 	 3186
256 	 3187
256 	 3188
256 	 3189
256 	 3190
256 	 3191
256 	 3192
256 	 3193
256 	 3194
256 	 3195
256 	 3196
256 	 3197
256 	 3198
256 	 3199
256 	 3200
256 	 3201
256 	 3202
256 	 3203
256 	 3204
256 	 3205
256 	 3206
256 	 3207
256 	 3208
256 	 3209
256 	 3210
256 	 3211
256 	 3212
256 	 3213
256 	 3214
256 	 3215
256 	 3216
256 	 3217
256 	 3218
256 	 3219
256 	 3220
256 	 3221
256 	 3222
256 	 3223
256 	 3224
256 	 3225
256 	 3226
256 	 3227
256 	 3228
256 	 3229
256 	 3230
256 	 3231
256 	 3232
256 	 3233
256 	 3234
256 	 3235
256 	 3236
256 	 3237
256 	 3238
256 	 3239
256 	 3240
256 	 3241
256 	 3242
256 	 3243
256 	 3244
256 	 3245
256 	 3246
256 	 3247
256 	 3248
256 	 3249
256 	 3250
256 	 3251
256 	 3252
256 	 3253
256 	 3254
256 	 3255
256 	 3256
256 	 3257
256 	 3258
256 	 3259
256 	 3260
256 	 3261
256 	 3262
256 	 3263
256 	 3264
256 	 3265
256 	 3266
256 	 3267
256 	 3268
256 	 3269
256 	 3270
256 	 3271
256 	 3272
256 	 3273
256 	 3274
256 	 3275
256 	 3276
256 	 3277
256 	 3278
256 	 3279
256 	 3280
256 	 3281
256 	 3282
256 	 3283
256 	 3284
256 	 3285
256 	 3286
256 	 3287
256 	 3288
256 	 3289
256 	 3290
256 	 3291
256 	 3292
256 	 3293
256 	 3294
256 	 3295
256 	 3296
256 	 3297
256 	 3298
256 	 3299
256 	 3300
256 	 3301
256 	 3302
256 	 3303
256 	 3304
256 	 3305
256 	 3306
256 	 3307
256 	 3308
256 	 3309
256 	 3310
256 	 3311
256 	 3312
256 	 3313
256 	 3314
256 	 3315
256 	 3316
256 	 3317
256 	 3318
256 	 3319
256 	 3320
256 	 3321
256 	 3322
256 	 3323
256 	 3324
256 	 3325
256 	 3326
256 	 3327
256 	 3328
256 	 3329
256 	 3330
256 	 3331
256 	 3332
256 	 3333
256 	 3334
256 	 3335
256 	 3336
256 	 3337
256 	 3338
256 	 3339
256 	 3340
256 	 3341
256 	 3342
256 	 3343
256 	 3344
256 	 3345
256 	 3346
256 	 3347
256 	 3348
256 	 3349
256 	 3350
256 	 3351
256 	 3352
256 	 3353
256 	 3354
256 	 3355
256 	 3356
256 	 3357
256 	 3358
256 	 3359
256 	 3360
256 	 3361
256 	 3362
256 	 3363
256 	 3364
256 	 3365
256 	 3366
256 	 3367
256 	 3368
256 	 3369
256 	 3370
256 	 3371
256 	 3372
256 	 3373
256 	 3374
256 	 3375
256 	 3376
256 	 3377
256 	 3378
256 	 3379
256 	 3380
256 	 3381
256 	 3382
256 	 3383
256 	 3384
256 	 3385
256 	 3386
256 	 3387
256 	 3388
256 	 3389
256 	 3390
256 	 3391
256 	 3392
256 	 3393
256 	 3394
256 	 3395
256 	 3396
256 	 3397
256 	 3398
256 	 3399
256 	 3400
256 	 3401
256 	 3402
256 	 3403
256 	 3404
256 	 3405
256 	 3406
256 	 3407
256 	 3408
256 	 3409
256 	 3410
256 	 3411
256 	 3412
256 	 3413
256 	 3414
256 	 3415
256 	 3416
256 	 3417
256 	 3418
256 	 3419
256 	 3420
256 	 3421
256 	 3422
256 	 3423
256 	 3424
256 	 3425
256 	 3426
256 	 3427
256 	 3428
256 	 3429
256 	 3430
256 	 3431
256 	 3432
256 	 3433
256 	 3434
256 	 3435
256 	 3436
256 	 3437
256 	 3438
256 	 3439
256 	 3440
256 	 3441
256 	 3442
256 	 3443
256 	 3444
256 	 3445
256 	 3446
256 	 3447
256 	 3448
256 	 3449
256 	 3450
256 	 3451
256 	 3452
256 	 3453
256 	 3454
256 	 3455
256 	 3456
256 	 3457
256 	 3458
256 	 3459
256 	 3460
256 	 3461
256 	 3462
256 	 3463
256 	 3464
256 	 3465
256 	 3466
256 	 3467
256 	 3468
256 	 3469
256 	 3470
256 	 3471
256 	 3472
256 	 3473
256 	 3474
256 	 3475
256 	 3476
256 	 3477
256 	 3478
256 	 3479
256 	 3480
256 	 3481
256 	 3482
256 	 3483
256 	 3484
256 	 3485
256 	 3486
256 	 3487
256 	 3488
256 	 3489
256 	 3490
256 	 3491
256 	 3492
256 	 3493
256 	 3494
256 	 3495
256 	 3496
256 	 3497
256 	 3498
256 	 3499
256 	 3500
256 	 3501
256 	 3502
256 	 3503
256 	 3504
256 	 3505
256 	 3506
256 	 3507
256 	 3508
256 	 3509
256 	 3510
256 	 3511
256 	 3512
256 	 3513
256 	 3514
256 	 3515
256 	 3516
256 	 3517
256 	 3518
256 	 3519
256 	 3520
256 	 3521
256 	 3522
256 	 3523
256 	 3524
256 	 3525
256 	 3526
256 	 3527
256 	 3528
256 	 3529
256 	 3530
256 	 3531
256 	 3532
256 	 3533
256 	 3534
256 	 3535
256 	 3536
256 	 3537
256 	 3538
256 	 3539
256 	 3540
256 	 3541
256 	 3542
256 	 3543
256 	 3544
256 	 3545
256 	 3546
256 	 3547
256 	 3548
256 	 3549
256 	 3550
256 	 3551
256 	 3552
256 	 3553
256 	 3554
256 	 3555
256 	 3556
256 	 3557
256 	 3558
256 	 3559
256 	 3560
256 	 3561
256 	 3562
256 	 3563
256 	 3564
256 	 3565
256 	 3566
256 	 3567
256 	 3568
256 	 3569
256 	 3570
256 	 3571
256 	 3572
256 	 3573
256 	 3574
256 	 3575
256 	 3576
256 	 3577
256 	 3578
256 	 3579
256 	 3580
256 	 3581
256 	 3582
256 	 3583
256 	 3584
256 	 3585
256 	 3586
256 	 3587
256 	 3588
256 	 3589
256 	 3590
256 	 3591
256 	 3592
256 	 3593
256 	 3594
256 	 3595
256 	 3596
256 	 3597
256 	 3598
256 	 3599
256 	 3600
256 	 3601
256 	 3602
256 	 3603
256 	 3604
256 	 3605
256 	 3606
256 	 3607
256 	 3608
256 	 3609
256 	 3610
256 	 3611
256 	 3612
256 	 3613
256 	 3614
256 	 3615
256 	 3616
256 	 3617
256 	 3618
256 	 3619
256 	 3620
256 	 3621
256 	 3622
256 	 3623
256 	 3624
256 	 3625
256 	 3626
256 	 3627
256 	 3628
256 	 3629
256 	 3630
256 	 3631
256 	 3632
256 	 3633
256 	 3634
256 	 3635
256 	 3636
256 	 3637
256 	 3638
256 	 3639
256 	 3640
256 	 3641
256 	 3642
256 	 3643
256 	 3644
256 	 3645
256 	 3646
256 	 3647
256 	 3648
256 	 3649
256 	 3650
256 	 3651
256 	 3652
256 	 3653
256 	 3654
256 	 3655
256 	 3656
256 	 3657
256 	 3658
256 	 3659
256 	 3660
256 	 3661
256 	 3662
256 	 3663
256 	 3664
256 	 3665
256 	 3666
256 	 3667
256 	 3668
256 	 3669
256 	 3670
256 	 3671
256 	 3672
256 	 3673
256 	 3674
256 	 3675
256 	 3676
256 	 3677
256 	 3678
256 	 3679
256 	 3680
256 	 3681
256 	 3682
256 	 3683
256 	 3684
256 	 3685
256 	 3686
256 	 3687
256 	 3688
256 	 3689
256 	 3690
256 	 3691
256 	 3692
256 	 3693
256 	 3694
256 	 3695
256 	 3696
256 	 3697
256 	 3698
256 	 3699
256 	 3700
256 	 3701
256 	 3702
256 	 3703
256 	 3704
256 	 3705
256 	 3706
256 	 3707
256 	 3708
256 	 3709
256 	 3710
256 	 3711
256 	 3712
256 	 3713
256 	 3714
256 	 3715
256 	 3716
256 	 3717
256 	 3718
256 	 3719
256 	 3720
256 	 3721
256 	 3722
256 	 3723
256 	 3724
256 	 3725
256 	 3726
256 	 3727
256 	 3728
256 	 3729
256 	 3730
256 	 3731
256 	 3732
256 	 3733
256 	 3734
256 	 3735
256 	 3736
256 	 3737
256 	 3738
256 	 3739
256 	 3740
256 	 3741
256 	 3742
256 	 3743
256 	 3744
256 	 3745
256 	 3746
256 	 3747
256 	 3748
256 	 3749
256 	 3750
256 	 3751
256 	 3752
256 	 3753
256 	 3754
256 	 3755
256 	 3756
256 	 3757
256 	 3758
256 	 3759
256 	 3760
256 	 3761
256 	 3762
256 	 3763
256 	 3764
256 	 3765
256 	 3766
256 	 3767
256 	 3768
256 	 3769
256 	 3770
256 	 3771
256 	 3772
256 	 3773
256 	 3774
256 	 3775
256 	 3776
256 	 3777
256 	 3778
256 	 3779
256 	 3780
256 	 3781
256 	 3782
256 	 3783
256 	 3784
256 	 3785
256 	 3786
256 	 3787
256 	 3788
256 	 3789
256 	 3790
256 	 3791
256 	 3792
256 	 3793
256 	 3794
256 	 3795
256 	 3796
256 	 3797
256 	 3798
256 	 3799
256 	 3800
256 	 3801
256 	 3802
256 	 3803
256 	 3804
256 	 3805
256 	 3806
256 	 3807
256 	 3808
256 	 3809
256 	 3810
256 	 3811
256 	 3812
256 	 3813
256 	 3814
256 	 3815
256 	 3816
256 	 3817
256 	 3818
256 	 3819
256 	 3820
256 	 3821
256 	 3822
256 	 3823
256 	 3824
256 	 3825
256 	 3826
256 	 3827
256 	 3828
256 	 3829
256 	 3830
256 	 3831
256 	 3832
256 	 3833
256 	 3834
256 	 3835
256 	 3836
256 	 3837
256 	 3838
256 	 3839
256 	 3840
256 	 3841
256 	 3842
256 	 3843
256 	 3844
256 	 3845
256 	 3846
256 	 3847
256 	 3848
256 	 3849
256 	 3850
256 	 3851
256 	 3852
256 	 3853
256 	 3854
256 	 3855
256 	 3856
256 	 3857
256 	 3858
256 	 3859
256 	 3860
256 	 3861
256 	 3862
256 	 3863
256 	 3864
256 	 3865
256 	 3866
256 	 3867
256 	 3868
256 	 3869
256 	 3870
256 	 3871
256 	 3872
256 	 3873
256 	 3874
256 	 3875
256 	 3876
256 	 3877
256 	 3878
256 	 3879
256 	 3880
256 	 3881
256 	 3882
256 	 3883
256 	 3884
256 	 3885
256 	 3886
256 	 3887
256 	 3888
256 	 3889
256 	 3890
256 	 3891
256 	 3892
256 	 3893
256 	 3894
256 	 3895
256 	 3896
256 	 3897
256 	 3898
256 	 3899
256 	 3900
256 	 3901
256 	 3902
256 	 3903
256 	 3904
256 	 3905
256 	 3906
256 	 3907
256 	 3908
256 	 3909
256 	 3910
256 	 3911
256 	 3912
256 	 3913
256 	 3914
256 	 3915
256 	 3916
256 	 3917
256 	 3918
256 	 3919
256 	 3920
256 	 3921
256 	 3922
256 	 3923
256 	 3924
256 	 3925
256 	 3926
256 	 3927
256 	 3928
256 	 3929
256 	 3930
256 	 3931
256 	 3932
256 	 3933
256 	 3934
256 	 3935
256 	 3936
256 	 3937
256 	 3938
256 	 3939
256 	 3940
256 	 3941
256 	 3942
256 	 3943
256 	 3944
256 	 3945
256 	 3946
256 	 3947
256 	 3948
256 	 3949
256 	 3950
256 	 3951
256 	 3952
256 	 3953
256 	 3954
256 	 3955
256 	 3956
256 	 3957
256 	 3958
256 	 3959
256 	 3960
256 	 3961
256 	 3962
256 	 3963
256 	 3964
256 	 3965
256 	 3966
256 	 3967
256 	 3968
256 	 3969
256 	 3970
256 	 3971
256 	 3972
256 	 3973
256 	 3974
256 	 3975
256 	 3976
256 	 3977
256 	 3978
256 	 3979
256 	 3980
256 	 3981
256 	 3982
256 	 3983
256 	 3984
256 	 3985
256 	 3986
256 	 3987
256 	 3988
256 	 3989
256 	 3990
256 	 3991
256 	 3992
256 	 3993
256 	 3994
256 	 3995
256 	 3996
256 	 3997
256 	 3998
256 	 3999
256 	 4000
256 	 4001
256 	 4002
256 	 4003
256 	 4004
256 	 4005
256 	 4006
256 	 4007
256 	 4008
256 	 4009
256 	 4010
256 	 4011
256 	 4012
256 	 4013
256 	 4014
256 	 4015
256 	 4016
256 	 4017
256 	 4018
256 	 4019
256 	 4020
256 	 4021
256 	 4022
256 	 4023
256 	 4024
256 	 4025
256 	 4026
256 	 4027
256 	 4028
256 	 4029
256 	 4030
256 	 4031
256 	 4032
256 	 4033
256 	 4034
256 	 4035
256 	 4036
256 	 4037
256 	 4038
256 	 4039
256 	 4040
256 	 4041
256 	 4042
256 	 4043
256 	 4044
256 	 4045
256 	 4046
256 	 4047
256 	 4048
256 	 4049
256 	 4050
256 	 4051
256 	 4052
256 	 4053
256 	 4054
256 	 4055
256 	 4056
256 	 4057
256 	 4058
256 	 4059
256 	 4060
256 	 4061
256 	 4062
256 	 4063
256 	 4064
256 	 4065
256 	 4066
256 	 4067
256 	 4068
256 	 4069
256 	 4070
256 	 4071
256 	 4072
256 	 4073
256 	 4074
256 	 4075
256 	 4076
256 	 4077
256 	 4078
256 	 4079
256 	 4080
256 	 4081
256 	 4082
256 	 4083
256 	 4084
256 	 4085
256 	 4086
256 	 4087
256 	 4088
256 	 4089
256 	 4090
256 	 4091
256 	 4092
256 	 4093
256 	 4094
256 	 4095
256 	 4096
